8.207726478576660156e-01
9.275116920471191406e-01
1.057119727134704590e+00
1.097158670425415039e+00
1.043664813041687012e+00
9.805057644844055176e-01
9.454917311668395996e-01
9.494602680206298828e-01
9.944110512733459473e-01
1.053752660751342773e+00
1.045151233673095703e+00
9.128245115280151367e-01
7.298478484153747559e-01
5.838811993598937988e-01
4.943965971469879150e-01
4.596951901912689209e-01
4.677095115184783936e-01
5.281391739845275879e-01
6.387348771095275879e-01
7.917433977127075195e-01
9.078961014747619629e-01
9.213495850563049316e-01
8.888945579528808594e-01
8.626271486282348633e-01
8.578173518180847168e-01
8.733931779861450195e-01
9.013451337814331055e-01
9.288424253463745117e-01
9.443796873092651367e-01
9.383929967880249023e-01
9.173834323883056641e-01
8.962544798851013184e-01
8.927519917488098145e-01
9.143612980842590332e-01
9.575497508049011230e-01
9.997769594192504883e-01
1.013899803161621094e+00
9.945979118347167969e-01
9.546521902084350586e-01
9.191039204597473145e-01
9.063141942024230957e-01
8.458770513534545898e-01
9.627051949501037598e-01
1.053335070610046387e+00
1.041273951530456543e+00
9.718466401100158691e-01
9.223886132240295410e-01
9.221557974815368652e-01
9.707753658294677734e-01
1.053914070129394531e+00
1.104374408721923828e+00
1.026360630989074707e+00
8.480798602104187012e-01
6.761686801910400391e-01
5.609374046325683594e-01
5.000860095024108887e-01
4.900774359703063965e-01
5.228623151779174805e-01
6.109576225280761719e-01
7.473051548004150391e-01
8.978720903396606445e-01
9.888409376144409180e-01
9.898483157157897949e-01
9.553033709526062012e-01
9.231402277946472168e-01
9.102270007133483887e-01
9.148185849189758301e-01
9.281251430511474609e-01
9.365858435630798340e-01
9.359818696975708008e-01
9.256512522697448730e-01
9.154610037803649902e-01
9.150629043579101562e-01
9.287909865379333496e-01
9.532614350318908691e-01
9.794325232505798340e-01
9.949172139167785645e-01
9.934688806533813477e-01
9.792689085006713867e-01
9.590588808059692383e-01
9.432694315910339355e-01
9.346168637275695801e-01
9.046372175216674805e-01
1.009301543235778809e+00
1.032652854919433594e+00
9.790629744529724121e-01
9.196179509162902832e-01
9.043666124343872070e-01
9.492509961128234863e-01
1.036034822463989258e+00
1.109833955764770508e+00
1.079552292823791504e+00
9.234563708305358887e-01
7.426376938819885254e-01
6.078460216522216797e-01
5.323542952537536621e-01
5.063183903694152832e-01
5.317077636718750000e-01
6.070497632026672363e-01
7.419412136077880859e-01
9.047876000404357910e-01
1.023704528808593750e+00
1.057476997375488281e+00
1.022436261177062988e+00
9.744657874107360840e-01
9.457010030746459961e-01
9.416174292564392090e-01
9.538931846618652344e-01
9.672338366508483887e-01
9.699859023094177246e-01
9.669485092163085938e-01
9.643524885177612305e-01
9.691901206970214844e-01
9.814125299453735352e-01
9.971485137939453125e-01
1.011058092117309570e+00
1.019353628158569336e+00
1.018732070922851562e+00
1.007722616195678711e+00
9.882715940475463867e-01
9.654579758644104004e-01
9.488602876663208008e-01
9.454303979873657227e-01
9.917408823966979980e-01
1.034402608871459961e+00
9.985126256942749023e-01
9.475200772285461426e-01
9.341638684272766113e-01
9.734826683998107910e-01
1.053257226943969727e+00
1.121151447296142578e+00
1.094906926155090332e+00
9.533557891845703125e-01
7.711673378944396973e-01
6.293066740036010742e-01
5.465502142906188965e-01
5.205119252204895020e-01
5.446167588233947754e-01
6.277293562889099121e-01
7.651880383491516113e-01
9.336699843406677246e-01
1.069100856781005859e+00
1.108373999595642090e+00
1.079454541206359863e+00
1.027540326118469238e+00
9.869280457496643066e-01
9.762274622917175293e-01
9.877721667289733887e-01
1.006279826164245605e+00
1.017090320587158203e+00
1.014292478561401367e+00
1.008399963378906250e+00
1.004975557327270508e+00
1.006302952766418457e+00
1.009192824363708496e+00
1.010084986686706543e+00
1.007470369338989258e+00
1.002055048942565918e+00
9.923102259635925293e-01
9.781916141510009766e-01
9.610059261322021484e-01
9.470685720443725586e-01
9.437587857246398926e-01
9.586006402969360352e-01
1.006278753280639648e+00
9.789208173751831055e-01
9.491937756538391113e-01
9.540407061576843262e-01
1.008117198944091797e+00
1.088168263435363770e+00
1.134274363517761230e+00
1.087168931961059570e+00
9.316900372505187988e-01
7.490069270133972168e-01
6.094969511032104492e-01
5.332041978836059570e-01
5.147097110748291016e-01
5.523198246955871582e-01
6.443647146224975586e-01
7.924903631210327148e-01
9.631446003913879395e-01
1.086363196372985840e+00
1.127256870269775391e+00
1.093831658363342285e+00
1.043231964111328125e+00
1.009989976882934570e+00
9.994651079177856445e-01
1.014096021652221680e+00
1.039230227470397949e+00
1.056616425514221191e+00
1.059563636779785156e+00
1.046517491340637207e+00
1.029150843620300293e+00
1.012195587158203125e+00
9.986091852188110352e-01
9.873404502868652344e-01
9.785190820693969727e-01
9.731996059417724609e-01
9.740774631500244141e-01
9.775222539901733398e-01
9.790827035903930664e-01
9.741740822792053223e-01
9.634080529212951660e-01
9.536699652671813965e-01
9.504464864730834961e-01
9.220514893531799316e-01
8.921983242034912109e-01
9.203180074691772461e-01
9.973033070564270020e-01
1.097126364707946777e+00
1.151709794998168945e+00
1.080277681350708008e+00
9.089358448982238770e-01
7.205402255058288574e-01
5.828177928924560547e-01
5.110296010971069336e-01
4.993882775306701660e-01
5.440945029258728027e-01
6.509278416633605957e-01
8.141362071037292480e-01
9.928546547889709473e-01
1.113128900527954102e+00
1.126518964767456055e+00
1.080948710441589355e+00
1.025277495384216309e+00
9.899741411209106445e-01
9.894054532051086426e-01
1.005519866943359375e+00
1.030793547630310059e+00
1.049896001815795898e+00
1.051877140998840332e+00
1.043319702148437500e+00
1.027439832687377930e+00
1.011353969573974609e+00
9.951815009117126465e-01
9.812607765197753906e-01
9.717708230018615723e-01
9.690416455268859863e-01
9.750434160232543945e-01
9.895762801170349121e-01
1.004219412803649902e+00
1.009264826774597168e+00
1.000222206115722656e+00
9.766748547554016113e-01
9.466195106506347656e-01
9.203708171844482422e-01
8.580734729766845703e-01
8.662397265434265137e-01
9.505566358566284180e-01
1.069968700408935547e+00
1.143479466438293457e+00
1.089762210845947266e+00
9.064325094223022461e-01
7.095872759819030762e-01
5.694573521614074707e-01
4.950756430625915527e-01
4.830295145511627197e-01
5.303699374198913574e-01
6.413152813911437988e-01
8.166376948356628418e-01
1.009295582771301270e+00
1.120694994926452637e+00
1.122425198554992676e+00
1.053266048431396484e+00
9.836611747741699219e-01
9.467719793319702148e-01
9.393092989921569824e-01
9.585810303688049316e-01
9.802559614181518555e-01
9.925421476364135742e-01
9.908493757247924805e-01
9.792243838310241699e-01
9.725934863090515137e-01
9.725607633590698242e-01
9.762125611305236816e-01
9.766821861267089844e-01
9.745260477066040039e-01
9.728912115097045898e-01
9.766161441802978516e-01
9.843747019767761230e-01
9.936996698379516602e-01
9.983322024345397949e-01
9.947418570518493652e-01
9.825955033302307129e-01
9.604427218437194824e-01
9.336293935775756836e-01
9.112969636917114258e-01
8.474100232124328613e-01
8.983059525489807129e-01
1.005585670471191406e+00
1.095515966415405273e+00
1.061425805091857910e+00
9.022548198699951172e-01
7.065139412879943848e-01
5.602703094482421875e-01
4.839881062507629395e-01
4.681600034236907959e-01
5.133482217788696289e-01
6.224361062049865723e-01
7.920819520950317383e-01
9.744995832443237305e-01
1.083228349685668945e+00
1.074750781059265137e+00
1.009446501731872559e+00
9.433607459068298340e-01
9.062908887863159180e-01
9.059221148490905762e-01
9.237074255943298340e-01
9.472720623016357422e-01
9.556644558906555176e-01
9.427059292793273926e-01
9.206873178482055664e-01
9.061318635940551758e-01
9.106096029281616211e-01
9.309370517730712891e-01
9.566862583160400391e-01
9.756084084510803223e-01
9.839670062065124512e-01
9.840444922447204590e-01
9.783009886741638184e-01
9.696722626686096191e-01
9.631019234657287598e-01
9.604616761207580566e-01
9.620787501335144043e-01
9.625790715217590332e-01
9.563539028167724609e-01
9.450479149818420410e-01
9.367182850837707520e-01
8.947504162788391113e-01
9.662485718727111816e-01
1.032224774360656738e+00
1.018915891647338867e+00
8.838514089584350586e-01
7.077973484992980957e-01
5.686779022216796875e-01
4.882139265537261963e-01
4.688758254051208496e-01
5.050905346870422363e-01
6.026524305343627930e-01
7.553473114967346191e-01
9.203211665153503418e-01
1.016409635543823242e+00
1.020421147346496582e+00
9.687004685401916504e-01
9.180142879486083984e-01
8.946523666381835938e-01
9.004173278808593750e-01
9.310162663459777832e-01
9.632264971733093262e-01
9.765775799751281738e-01
9.589191079139709473e-01
9.209957718849182129e-01
8.886355757713317871e-01
8.776163458824157715e-01
8.900195360183715820e-01
9.167899489402770996e-01
9.453467726707458496e-01
9.659740328788757324e-01
9.773417115211486816e-01
9.785622954368591309e-01
9.709329605102539062e-01
9.606509208679199219e-01
9.585907459259033203e-01
9.655306935310363770e-01
9.768077135086059570e-01
9.840431809425354004e-01
9.801350235939025879e-01
9.692447781562805176e-01
9.615381360054016113e-01
9.989076852798461914e-01
1.033196926116943359e+00
9.907270669937133789e-01
8.723908662796020508e-01
7.159520387649536133e-01
5.872329473495483398e-01
5.146471261978149414e-01
4.925663769245147705e-01
5.250001549720764160e-01
6.119204163551330566e-01
7.524224519729614258e-01
9.056396484375000000e-01
1.003200650215148926e+00
1.014413714408874512e+00
9.790062308311462402e-01
9.394872188568115234e-01
9.203510880470275879e-01
9.281033277511596680e-01
9.564799070358276367e-01
9.941694736480712891e-01
1.018197417259216309e+00
1.007943630218505859e+00
9.685361981391906738e-01
9.215545654296875000e-01
8.871191143989562988e-01
8.721262216567993164e-01
8.727020025253295898e-01
8.808537721633911133e-01
8.936944603919982910e-01
9.120000600814819336e-01
9.360111951828002930e-01
9.601801037788391113e-01
9.784321188926696777e-01
9.913169741630554199e-01
1.001207351684570312e+00
1.005544543266296387e+00
1.003299951553344727e+00
9.948265552520751953e-01
9.810742139816284180e-01
9.698501229286193848e-01
9.683796167373657227e-01
1.085494041442871094e+00
1.012942790985107422e+00
8.708428144454956055e-01
7.193104624748229980e-01
6.010577082633972168e-01
5.300845503807067871e-01
5.152497887611389160e-01
5.511355400085449219e-01
6.476510167121887207e-01
7.995488047599792480e-01
9.668145179748535156e-01
1.070838570594787598e+00
1.087474107742309570e+00
1.052547335624694824e+00
1.013802289962768555e+00
9.926531314849853516e-01
9.930309653282165527e-01
1.013111591339111328e+00
1.043548107147216797e+00
1.067192792892456055e+00
1.066441655158996582e+00
1.034567117691040039e+00
9.826658368110656738e-01
9.260135889053344727e-01
8.738443255424499512e-01
8.296839594841003418e-01
7.969936132431030273e-01
7.799565196037292480e-01
7.839997410774230957e-01
8.142452836036682129e-01
8.684367537498474121e-01
9.379334449768066406e-01
1.005192875862121582e+00
1.047891736030578613e+00
1.052477598190307617e+00
1.029654145240783691e+00
9.979068040847778320e-01
9.729786515235900879e-01
9.665082693099975586e-01
9.798771142959594727e-01
1.000109076499938965e+00
1.037448167800903320e+00
8.860756158828735352e-01
7.269693613052368164e-01
6.027554273605346680e-01
5.345907807350158691e-01
5.164698958396911621e-01
5.600896477699279785e-01
6.647450327873229980e-01
8.343518972396850586e-01
1.019956231117248535e+00
1.137358069419860840e+00
1.159933805465698242e+00
1.130655884742736816e+00
1.090484857559204102e+00
1.062569975852966309e+00
1.052915215492248535e+00
1.060843348503112793e+00
1.081319332122802734e+00
1.103917002677917480e+00
1.110890150070190430e+00
1.092683672904968262e+00
1.043988466262817383e+00
9.706366658210754395e-01
8.796353936195373535e-01
7.869374155998229980e-01
7.072184085845947266e-01
6.510390043258666992e-01
6.255148053169250488e-01
6.331644654273986816e-01
6.787871122360229492e-01
7.638266682624816895e-01
8.808518648147583008e-01
9.975382685661315918e-01
1.065759062767028809e+00
1.061919450759887695e+00
1.017237901687622070e+00
9.734307527542114258e-01
9.558331966400146484e-01
9.770064353942871094e-01
1.025574326515197754e+00
1.052722215652465820e+00
8.715794086456298828e-01
7.281350493431091309e-01
6.049813628196716309e-01
5.295253396034240723e-01
5.142520070075988770e-01
5.531288385391235352e-01
6.622011065483093262e-01
8.329616189002990723e-01
1.018948912620544434e+00
1.134658455848693848e+00
1.160010933876037598e+00
1.141472578048706055e+00
1.115966796875000000e+00
1.096285581588745117e+00
1.085574746131896973e+00
1.082032918930053711e+00
1.086325526237487793e+00
1.096193552017211914e+00
1.107810258865356445e+00
1.111247539520263672e+00
1.094213485717773438e+00
1.035467863082885742e+00
9.323521256446838379e-01
8.010205626487731934e-01
6.749418377876281738e-01
5.769253969192504883e-01
5.126478672027587891e-01
4.867534935474395752e-01
4.985461533069610596e-01
5.560410022735595703e-01
6.636610627174377441e-01
8.177973031997680664e-01
9.813844561576843262e-01
1.080057144165039062e+00
1.075170636177062988e+00
1.021417856216430664e+00
9.789431095123291016e-01
9.730057120323181152e-01
1.006265878677368164e+00
1.052461385726928711e+00
1.040524601936340332e+00
6.906421780586242676e-01
5.907932519912719727e-01
5.242306590080261230e-01
5.064331293106079102e-01
5.501145720481872559e-01
6.534666419029235840e-01
8.227250576019287109e-01
1.002948880195617676e+00
1.105473279953002930e+00
1.121716976165771484e+00
1.100915074348449707e+00
1.082010030746459961e+00
1.075225472450256348e+00
1.077605485916137695e+00
1.082689046859741211e+00
1.085269689559936523e+00
1.085522055625915527e+00
1.084472775459289551e+00
1.087539315223693848e+00
1.093609213829040527e+00
1.087588787078857422e+00
1.031731486320495605e+00
9.114503264427185059e-01
7.528798580169677734e-01
6.080442070960998535e-01
5.042272806167602539e-01
4.410175681114196777e-01
4.204875826835632324e-01
4.414507448673248291e-01
5.134410262107849121e-01
6.452426314353942871e-01
8.364974260330200195e-01
1.032389044761657715e+00
1.131252527236938477e+00
1.108889698982238770e+00
1.045983076095581055e+00
1.001954913139343262e+00
9.901367425918579102e-01
1.001213312149047852e+00
1.006081938743591309e+00
9.660212993621826172e-01
5.547019243240356445e-01
5.052748918533325195e-01
5.014625787734985352e-01
5.464092493057250977e-01
6.566460728645324707e-01
8.222141861915588379e-01
9.949856996536254883e-01
1.089822649955749512e+00
1.088467717170715332e+00
1.052903532981872559e+00
1.021608471870422363e+00
1.009026765823364258e+00
1.014445781707763672e+00
1.030961036682128906e+00
1.048066020011901855e+00
1.053094506263732910e+00
1.045497417449951172e+00
1.034265279769897461e+00
1.035591006278991699e+00
1.055565476417541504e+00
1.070478677749633789e+00
1.024679303169250488e+00
8.970844745635986328e-01
7.294353246688842773e-01
5.838991999626159668e-01
4.863978326320648193e-01
4.322649836540222168e-01
4.232389628887176514e-01
4.573529958724975586e-01
5.445553064346313477e-01
6.894513368606567383e-01
8.755413293838500977e-01
1.034458875656127930e+00
1.096948742866516113e+00
1.073379993438720703e+00
1.026637911796569824e+00
9.923821687698364258e-01
9.761979579925537109e-01
9.679086208343505859e-01
9.567175507545471191e-01
9.357394576072692871e-01
4.895091056823730469e-01
4.854043424129486084e-01
5.387904047966003418e-01
6.457237601280212402e-01
8.112068176269531250e-01
9.822901487350463867e-01
1.069032788276672363e+00
1.061621785163879395e+00
1.010996818542480469e+00
9.663561582565307617e-01
9.434856176376342773e-01
9.437286853790283203e-01
9.612526893615722656e-01
9.843942523002624512e-01
9.984254240989685059e-01
9.916226863861083984e-01
9.741769433021545410e-01
9.662371873855590820e-01
9.823200702667236328e-01
1.017297387123107910e+00
1.036078333854675293e+00
9.850076436996459961e-01
8.647464513778686523e-01
7.185818552970886230e-01
5.951073169708251953e-01
5.152752995491027832e-01
4.771931469440460205e-01
4.832964241504669189e-01
5.297600030899047852e-01
6.178768277168273926e-01
7.383871674537658691e-01
8.652555942535400391e-01
9.588963985443115234e-01
1.000946640968322754e+00
1.005056142807006836e+00
9.956697225570678711e-01
9.845771789550781250e-01
9.732235074043273926e-01
9.627023935317993164e-01
9.551305174827575684e-01
9.560724496841430664e-01
4.918992817401885986e-01
5.277069807052612305e-01
6.273788809776306152e-01
7.788501381874084473e-01
9.491823315620422363e-01
1.055118203163146973e+00
1.049873590469360352e+00
9.946948289871215820e-01
9.401804804801940918e-01
9.114194512367248535e-01
9.101481437683105469e-01
9.276105165481567383e-01
9.510231018066406250e-01
9.638305306434631348e-01
9.564471840858459473e-01
9.316758513450622559e-01
9.109280705451965332e-01
9.112306833267211914e-01
9.329329133033752441e-01
9.622013568878173828e-01
9.702880382537841797e-01
9.279747009277343750e-01
8.425461649894714355e-01
7.421678900718688965e-01
6.562618613243103027e-01
6.030073165893554688e-01
5.845469832420349121e-01
6.023050546646118164e-01
6.490167975425720215e-01
7.178516983985900879e-01
7.952420115470886230e-01
8.660248517990112305e-01
9.200241565704345703e-01
9.596627950668334961e-01
9.889358282089233398e-01
1.006162285804748535e+00
1.007189989089965820e+00
9.956619739532470703e-01
9.793052673339843750e-01
9.697903394699096680e-01
9.928457140922546387e-01
5.522751212120056152e-01
6.258258819580078125e-01
7.578538656234741211e-01
9.164269566535949707e-01
1.034747838973999023e+00
1.061306238174438477e+00
1.010760188102722168e+00
9.505217075347900391e-01
9.127295017242431641e-01
9.050641655921936035e-01
9.206590652465820312e-01
9.435022473335266113e-01
9.566609263420104980e-01
9.462455511093139648e-01
9.159463644027709961e-01
8.810992836952209473e-01
8.587614893913269043e-01
8.570689558982849121e-01
8.728042840957641602e-01
8.966221213340759277e-01
9.095166921615600586e-01
8.976605534553527832e-01
8.601654767990112305e-01
8.084148168563842773e-01
7.608754634857177734e-01
7.322863936424255371e-01
7.286334633827209473e-01
7.487680912017822266e-01
7.841224074363708496e-01
8.241515755653381348e-01
8.609374761581420898e-01
8.934017419815063477e-01
9.279600977897644043e-01
9.658277630805969238e-01
9.990211725234985352e-01
1.013743877410888672e+00
1.002618789672851562e+00
9.756477475166320801e-01
9.516904950141906738e-01
9.492424726486206055e-01
1.002615571022033691e+00
6.614317893981933594e-01
7.596772909164428711e-01
8.867663145065307617e-01
9.983305931091308594e-01
1.042406916618347168e+00
1.020656943321228027e+00
9.647506475448608398e-01
9.187218546867370605e-01
8.982579708099365234e-01
9.032844305038452148e-01
9.235383272171020508e-01
9.417328834533691406e-01
9.432024359703063965e-01
9.232020378112792969e-01
8.931027650833129883e-01
8.650957942008972168e-01
8.489714860916137695e-01
8.498044610023498535e-01
8.639988303184509277e-01
8.862694501876831055e-01
9.057514667510986328e-01
9.158582091331481934e-01
9.088253974914550781e-01
8.864771723747253418e-01
8.618053793907165527e-01
8.478412628173828125e-01
8.512724041938781738e-01
8.651208281517028809e-01
8.785690069198608398e-01
8.850876092910766602e-01
8.912037014961242676e-01
9.069491624832153320e-01
9.345417618751525879e-01
9.644458293914794922e-01
9.811009168624877930e-01
9.753358960151672363e-01
9.518542885780334473e-01
9.265485405921936035e-01
9.183014631271362305e-01
9.383304119110107422e-01
1.008978843688964844e+00
7.714011669158935547e-01
8.646685481071472168e-01
9.585158824920654297e-01
1.025650143623352051e+00
1.031520843505859375e+00
9.927486777305603027e-01
9.406303763389587402e-01
9.051931500434875488e-01
8.936535716056823730e-01
9.021297693252563477e-01
9.189902544021606445e-01
9.313811659812927246e-01
9.345422387123107910e-01
9.307054877281188965e-01
9.269987344741821289e-01
9.247191548347473145e-01
9.248337745666503906e-01
9.241843819618225098e-01
9.257081747055053711e-01
9.329336881637573242e-01
9.418999552726745605e-01
9.493559598922729492e-01
9.462004303932189941e-01
9.356675148010253906e-01
9.276229739189147949e-01
9.285548329353332520e-01
9.362642765045166016e-01
9.355654716491699219e-01
9.220984578132629395e-01
9.034594297409057617e-01
8.957571983337402344e-01
9.053539633750915527e-01
9.259687662124633789e-01
9.449350237846374512e-01
9.520936012268066406e-01
9.469752907752990723e-01
9.369779229164123535e-01
9.300420880317687988e-01
9.390338659286499023e-01
9.739850163459777832e-01
1.044892191886901855e+00
8.936157822608947754e-01
9.953320026397705078e-01
1.064934134483337402e+00
1.081167340278625488e+00
1.039953947067260742e+00
9.852548241615295410e-01
9.483374357223510742e-01
9.382180571556091309e-01
9.486191272735595703e-01
9.636501669883728027e-01
9.723482728004455566e-01
9.725205898284912109e-01
9.735575318336486816e-01
9.846624732017517090e-01
1.007365584373474121e+00
1.028279781341552734e+00
1.032891750335693359e+00
1.016680121421813965e+00
9.949185848236083984e-01
9.770839214324951172e-01
9.634631872177124023e-01
9.574864506721496582e-01
9.552264213562011719e-01
9.610134363174438477e-01
9.734275937080383301e-01
9.868796467781066895e-01
9.917843341827392578e-01
9.744763374328613281e-01
9.424172639846801758e-01
9.121719598770141602e-01
8.981183767318725586e-01
9.001752734184265137e-01
9.111819863319396973e-01
9.228422641754150391e-01
9.343794584274291992e-01
9.454101324081420898e-01
9.582276940345764160e-01
9.753450155258178711e-01
1.006876111030578613e+00
1.059130549430847168e+00
1.122818708419799805e+00
