3.670213819983038775e+03
3.629639820652298567e+03
3.589594337408550928e+03
3.552397208409986888e+03
3.516853902737616409e+03
3.484334977354486909e+03
3.455100810745563649e+03
3.430882975529647410e+03
3.411400671762894035e+03
3.397527891646458102e+03
3.388725393206162607e+03
3.383754611563946128e+03
3.382280565629191187e+03
3.383255869811251159e+03
3.385604055002292171e+03
3.388225117161744038e+03
3.390149215659158926e+03
3.391459952361186879e+03
3.391754558441461086e+03
3.391266876164348560e+03
3.389461353541476456e+03
3.386432776963139986e+03
3.382497348919968772e+03
3.378312178899726860e+03
3.373726045861101738e+03
3.368877862673733489e+03
3.363665548525433678e+03
3.359102129945696106e+03
3.355103434084739092e+03
3.351404714283757130e+03
3.347965768250871861e+03
3.345466845817315061e+03
3.343028901675592351e+03
3.340808193746660436e+03
3.338558224359890573e+03
3.336348109058018053e+03
3.333334125713090998e+03
3.330329044298835925e+03
3.326538366225987829e+03
3.322196119367847587e+03
3.317163012418752260e+03
3.311944551556396164e+03
3.306113050670799112e+03
3.299743931877397245e+03
3.293464887428626753e+03
3.287263931720819983e+03
3.280012356540161818e+03
3.273013561156330525e+03
3.265480941954874197e+03
3.257126319694778886e+03
3.248624758264820230e+03
3.239613543945045876e+03
3.229932567091937472e+03
3.219472578335564322e+03
3.208947215569827677e+03
3.197438451994711158e+03
3.186028545936507271e+03
3.173808848312120062e+03
3.162229733470861447e+03
3.150205525022462552e+03
3.138646115031072441e+03
3.127254950826667937e+03
3.116234750251573587e+03
3.105731534177797585e+03
3.095336123829280041e+03
3.085502425108269108e+03
3.076040375961278642e+03
3.067075679663678784e+03
3.058360546009207610e+03
3.049860733033597626e+03
3.041806748305671590e+03
3.034151486835155083e+03
3.026258807628389604e+03
3.018570161271185498e+03
3.011324113156646945e+03
3.003815512875666172e+03
2.996318367155877695e+03
2.989118268047186575e+03
2.981745651385187557e+03
2.974478727289026210e+03
2.966753815429496626e+03
2.959360843805912737e+03
2.951908633608384662e+03
2.944613317857722905e+03
2.936965341482696203e+03
2.929137667664374931e+03
2.921403741467553118e+03
2.913356079606391631e+03
2.905517865190150587e+03
2.897688743865319339e+03
2.889916968928893311e+03
2.882565861412786944e+03
2.875579645732940207e+03
2.868773937844875036e+03
2.862272236723665628e+03
2.856073463300626827e+03
2.850263008450878715e+03
2.844857494654351740e+03
2.839800821327318772e+03
2.834996982140875843e+03
2.830265090801556198e+03
2.825579388792529699e+03
2.821182698327208527e+03
2.816872784808207598e+03
2.812717704848045287e+03
2.808656574931262185e+03
2.804567222248188500e+03
2.800447374230481728e+03
2.796272803469269093e+03
2.791937049111357737e+03
2.787817614969222177e+03
2.783601273996544478e+03
2.779352167137806646e+03
2.774857633102206819e+03
2.770359885234629473e+03
2.765854337979038519e+03
2.761318833141265259e+03
2.756671534134191461e+03
2.751926580677261427e+03
2.746989517450492713e+03
2.741858147032000943e+03
2.736607649236610541e+03
2.731190311515631493e+03
2.725630912190941217e+03
2.720019794187749085e+03
2.714346311174503626e+03
2.708595461953239010e+03
2.702738969527863446e+03
2.696816746505398442e+03
2.690828485206375262e+03
2.684786533492885155e+03
2.678690123296508773e+03
2.672588188943704154e+03
2.666437221485493410e+03
2.660159364019184977e+03
2.653798962515207222e+03
2.647325504166467908e+03
2.640701214305153371e+03
2.633925716059380647e+03
2.627031166399912308e+03
2.620078613605054670e+03
2.613162478113462839e+03
2.606113240640294862e+03
2.598976603495374093e+03
2.591720106146802209e+03
2.584342425074272342e+03
2.576889917549622623e+03
2.569438837577637969e+03
2.561778174459666843e+03
2.553931911186933121e+03
2.545766793822822819e+03
2.537535720136382224e+03
2.529088765070060617e+03
2.520466097283925592e+03
2.511678501496540775e+03
2.502695607190288683e+03
2.493445645196805799e+03
2.484062015716725000e+03
2.474555441044620238e+03
2.464923827377290309e+03
2.455028871017376787e+03
2.444875551835329588e+03
2.434405859719424370e+03
2.423635877261792757e+03
2.412611273673510368e+03
2.401430509022283331e+03
2.389959185989017897e+03
2.378231322432447541e+03
2.365987291367599028e+03
2.353338809017799122e+03
2.340337313460846417e+03
2.327213412068305843e+03
2.313823974764472041e+03
2.300129218426295665e+03
2.286015236162209021e+03
2.271386179716651895e+03
2.256359568471958028e+03
2.240727972607115134e+03
2.224802669931074888e+03
2.208448156468070010e+03
2.191565068396755123e+03
2.174338403390281201e+03
2.156706401289862697e+03
2.138433883622968096e+03
2.119442618941337969e+03
2.100197539467794286e+03
2.080156811949093481e+03
2.059430173450492930e+03
2.037970382445101677e+03
2.015984165938650222e+03
1.993430979136255701e+03
1.970228814759679153e+03
1.946438692620719848e+03
1.921964544754418057e+03
1.896678438875153461e+03
1.870515002989588538e+03
1.843621065444906208e+03
1.815968952912428449e+03
1.787489187112037826e+03
1.758242481762867101e+03
1.728258272624624169e+03
1.697044935857029486e+03
1.664980075514230521e+03
1.632223509028374565e+03
1.598693513519302996e+03
1.564271337229171195e+03
1.528877735939646072e+03
1.493109539091214629e+03
1.456595232003530782e+03
1.419579039854208759e+03
1.382064945471141073e+03
1.343883128111179985e+03
1.305118564629440016e+03
1.266914971711309590e+03
1.228962278764710618e+03
1.191009729339826436e+03
1.154136465359836393e+03
1.117806222917964760e+03
1.082669833106769147e+03
1.049041667027404173e+03
1.016932725539563990e+03
9.865206205321829884e+02
9.582756721909667021e+02
9.324952552102589607e+02
9.082424659428539826e+02
8.876094151442575821e+02
8.682332288808547673e+02
8.511840041702489543e+02
8.359515180996078243e+02
8.227244847834078882e+02
8.115056449060431305e+02
8.030172716495321765e+02
7.950898749159816816e+02
7.886611694779071513e+02
7.830330103211709911e+02
7.785042166008832965e+02
7.753222357147549246e+02
7.738109425717341310e+02
7.728075319668764678e+02
7.721364410064688855e+02
7.708412777066296258e+02
7.693667131985749847e+02
7.681983059561397340e+02
7.671998107559315940e+02
7.663903620091391531e+02
7.654226999254830162e+02
7.645199925001514885e+02
7.637532076648675456e+02
7.630680801706103011e+02
7.623281308943580825e+02
7.615336678292859460e+02
7.607456400577159457e+02
7.599916443644870014e+02
7.592358975642138148e+02
7.584807952247963385e+02
7.576337347301340515e+02
7.567360347057012859e+02
7.558829162714549739e+02
7.551073975754147796e+02
7.542840725288916701e+02
7.533999940008153544e+02
7.526291025885169574e+02
7.518748178321079649e+02
7.509516397813787307e+02
7.500099054353084966e+02
7.492187058431584319e+02
7.483491004017872683e+02
7.475779127290896895e+02
7.467155681993095868e+02
7.458077263417719678e+02
7.449895270119532142e+02
7.442141573511164552e+02
7.434735495928217688e+02
7.427466418076633090e+02
7.420155524286029731e+02
7.413024120288125687e+02
7.405090559560784413e+02
7.396687525241268304e+02
7.390436370773318231e+02
7.384426602858308115e+02
7.378595477731653318e+02
7.372918173538778319e+02
7.367219656672568817e+02
7.361773834511071755e+02
7.356453252441281165e+02
7.351174407223468279e+02
7.345892012056102658e+02
7.340812364167187525e+02
7.335885238427257491e+02
7.330912423648862841e+02
7.325921906245982882e+02
7.320895592678865569e+02
7.315906104697506862e+02
7.310966534751656809e+02
7.306332058325186836e+02
7.301853510406511987e+02
7.297407353287868546e+02
7.292592276630011838e+02
7.287766111977865648e+02
7.282967328722858156e+02
7.278239412703775315e+02
7.273594647995435025e+02
7.269056317042454793e+02
7.264267358972124384e+02
7.259415502553299575e+02
7.254552007641345881e+02
7.249582283576389727e+02
7.244580646788350577e+02
7.239870344358525927e+02
7.235267236707311440e+02
7.230576530903780395e+02
7.226009475968419338e+02
7.221454585945106146e+02
7.216937226248543311e+02
7.212452247457405292e+02
7.207953360869125845e+02
7.203430786844741078e+02
7.198894938870132592e+02
7.194332248772083176e+02
7.189854641890606217e+02
7.185342919502429595e+02
7.180862101926043124e+02
7.176364500185804900e+02
7.171881413264775347e+02
7.167414696490969845e+02
7.162985043787303994e+02
7.158449782092516216e+02
7.154145491221676139e+02
7.149700718860385678e+02
7.145284378329342871e+02
7.140873083454886228e+02
7.136514208632150940e+02
7.132224915728035057e+02
7.127916846178393371e+02
7.123772576519443192e+02
7.119442361948689495e+02
7.115015580117017180e+02
7.110655675827739515e+02
7.106300752214016256e+02
7.101898599772863463e+02
7.097515777101364165e+02
7.093142431279158018e+02
7.088880482968717160e+02
7.084543498399774535e+02
7.080214063437215373e+02
7.075914880310137960e+02
7.071637248314799535e+02
7.067421174100468306e+02
7.063173732110021774e+02
7.058944274901368772e+02
7.054723345851820113e+02
7.050588579561302822e+02
7.046447574603661224e+02
7.042313328663278753e+02
7.038268259759406646e+02
7.034112000498506632e+02
7.030070109573500758e+02
7.025963102298884451e+02
7.021902844824199974e+02
7.017819295070468115e+02
7.013943341184135534e+02
7.009948595939071083e+02
7.006121351811010527e+02
7.002029778493495087e+02
6.998229847435870852e+02
6.994454994012843372e+02
6.990508256036633838e+02
6.986793865400844652e+02
6.982894722653351209e+02
6.979041188363686388e+02
6.975136918358150524e+02
6.971433425828464578e+02
6.967505311189088388e+02
6.963728630901892984e+02
6.959694802674916900e+02
6.955805029660399441e+02
6.951724461448999364e+02
6.947707482862526831e+02
6.943610849757226333e+02
6.939567406279254556e+02
6.935499744440201084e+02
6.931481467806204364e+02
6.927412659164330080e+02
6.923319224446290718e+02
6.919317609365677981e+02
6.915331865589873814e+02
6.911381120686571649e+02
6.907430536462463806e+02
6.903479780946595383e+02
6.899462960868441996e+02
6.895547458483047194e+02
6.891657838426687022e+02
6.887797100199675242e+02
6.883940680134755894e+02
6.880060357255684949e+02
6.876096736837708931e+02
6.872201926292837015e+02
6.868274412679843408e+02
6.864351128081193565e+02
6.860407588205531511e+02
6.856450831111189927e+02
6.852492725575978056e+02
6.848529171874992016e+02
6.844571726457232899e+02
6.840587715626204499e+02
6.836598086056553711e+02
6.832684173181554570e+02
6.828733198186617983e+02
6.824701034697878868e+02
6.820751967660718265e+02
6.816851436116139666e+02
6.812810671918782646e+02
6.808734898162117588e+02
6.804721594101921482e+02
6.800668865219016652e+02
6.796673295268954007e+02
6.792642345252904761e+02
6.788604058467539062e+02
6.784563223472861182e+02
6.780528803412989873e+02
6.776487679247956066e+02
6.772456360323443505e+02
6.768498908095670004e+02
6.764474840756820413e+02
6.760466263650877181e+02
6.756465091812154924e+02
6.752464766845812392e+02
6.748454361063970737e+02
6.744483141254036127e+02
6.740455993086609396e+02
6.736419950983968192e+02
6.732370035239448498e+02
6.728316486740715163e+02
6.724249119980878504e+02
6.720261603055697606e+02
6.716189327004085499e+02
6.712107549875817085e+02
6.708103972854763697e+02
6.704048214499821370e+02
6.700002128643568540e+02
6.695959083180417792e+02
6.691966745305423956e+02
6.687867721740245770e+02
6.683723664395529340e+02
6.679580255107599669e+02
6.675436432818615913e+02
6.671332279350419867e+02
6.667205023708894487e+02
6.663048734051520796e+02
6.658971448724905713e+02
6.654869736785822170e+02
6.650750305734487711e+02
6.646595206268266338e+02
6.642437387054815190e+02
6.638267611732034084e+02
6.634099426543741629e+02
6.629918812421947223e+02
6.625739606508939232e+02
6.621447025724959303e+02
6.617267930981180371e+02
6.613089087281551883e+02
6.608910786176800229e+02
6.604741580824572793e+02
6.600578695675817471e+02
6.596462253168267580e+02
6.592326526618456910e+02
6.588141352822146928e+02
6.583930541692794804e+02
6.579701947928008394e+02
6.575548210747022040e+02
6.571312680971788041e+02
6.567076121846421302e+02
6.562863047139725268e+02
6.558681263436415065e+02
6.554476389014649840e+02
6.550215391826027371e+02
6.545900593770411433e+02
6.541552872615787919e+02
6.537174606505051315e+02
6.532850733950998574e+02
6.528327868463060213e+02
6.523896855367629541e+02
6.519520609952121504e+02
6.515100132132250792e+02
6.510697181070921715e+02
6.506303288061616286e+02
6.501816856514016081e+02
6.497401128777814847e+02
6.493003486211825930e+02
6.488482841675272539e+02
6.484059190425236920e+02
6.479630953967707683e+02
6.475063756265431039e+02
6.470577913100636351e+02
6.466081255710537334e+02
6.461499526685786350e+02
6.457009979284184737e+02
6.452501635780712377e+02
6.448017351770700998e+02
6.443569709907712877e+02
6.439028958888042098e+02
6.434411389330252860e+02
6.429838029164619684e+02
6.425214843023692310e+02
6.420565062680071833e+02
6.415815001244193354e+02
6.411133209437110736e+02
6.406447633507227692e+02
6.401822467611116281e+02
6.397221451241539398e+02
6.392600429520572334e+02
6.387976036139490361e+02
6.383343341125008692e+02
6.378687335282496633e+02
6.373999093661183224e+02
6.369281345494539437e+02
6.364440092741780290e+02
6.359544517554777485e+02
6.354625816906890350e+02
6.349680928101471409e+02
6.344748328298697970e+02
6.339851398595216097e+02
6.334925214119449493e+02
6.329937631074341198e+02
6.324894522931616621e+02
6.319888782151078885e+02
6.314944715152115577e+02
6.309952578456104675e+02
6.304844627876830145e+02
6.299707874228918172e+02
6.294478100179956073e+02
6.289334013644811421e+02
6.284132347344547043e+02
6.278988574403007306e+02
6.273754353912806891e+02
6.268518285050952272e+02
6.263364296815275338e+02
6.258201173525475269e+02
6.253038655856814785e+02
6.249401585891699824e+02
6.247163913487598847e+02
6.243573069021504125e+02
6.240726967162529490e+02
6.236821119662693036e+02
6.231776001963883118e+02
6.226310387485543743e+02
6.220820441057778680e+02
6.215947928252746806e+02
6.211596412298341647e+02
6.207294120127069164e+02
6.202698599311496537e+02
6.197620266847039829e+02
6.192848247088899143e+02
6.188687965881563287e+02
6.184565820581624394e+02
6.179944090505296117e+02
6.174968087869068540e+02
6.170268812418464677e+02
6.165167630068741573e+02
6.159937669544726759e+02
6.154139264085243894e+02
6.147676305043349885e+02
6.142110790213954488e+02
6.136685136308071833e+02
6.131140007847097877e+02
6.125639386322380915e+02
6.120013200671088498e+02
6.114403871915218360e+02
6.108970652601568645e+02
6.103868969619763902e+02
6.098508251990402869e+02
6.093062414378905487e+02
6.087381537515774426e+02
6.081870781550176162e+02
6.076225359846920355e+02
6.070733484811281642e+02
6.064740336393239204e+02
6.058476500082098255e+02
6.052274743422796064e+02
6.045991606254094677e+02
6.039688688516039292e+02
6.033681963035305671e+02
6.027818488064898474e+02
6.021637757863887828e+02
6.015364110405089377e+02
6.009028690303973690e+02
6.002747679272225696e+02
5.996656400822408841e+02
5.990712996417354361e+02
5.984257227415387206e+02
5.977588841470801526e+02
5.970844764243908003e+02
5.964188963285788532e+02
5.957675998909711552e+02
5.951086410395024586e+02
5.944608835100749502e+02
5.938120130583361060e+02
5.931638948146595567e+02
5.925100018803248076e+02
5.918469691863649587e+02
5.911673316379523158e+02
5.904736502763829549e+02
5.897806860149796648e+02
5.890785847064367999e+02
5.883862927258049922e+02
5.877055796254496727e+02
5.870575608207161622e+02
5.863926663440838638e+02
5.857048840473086102e+02
5.850154958595593371e+02
5.843382322366123844e+02
5.835970907545835189e+02
5.828845851044259234e+02
5.821878958167610563e+02
5.814655272765741074e+02
5.807344612264042780e+02
5.799984372092109197e+02
5.792508533088461036e+02
5.785030417710900110e+02
5.777529203754559148e+02
5.770005876344222315e+02
5.762402083186523214e+02
5.754684648125441981e+02
5.746961004964153972e+02
5.739324639489547053e+02
5.731400334706137301e+02
5.723574538193930721e+02
5.715467523463676116e+02
5.707260638085516575e+02
5.699091927425924951e+02
5.690906986280210731e+02
5.682817443733428036e+02
5.674680033276123368e+02
5.666428895679465541e+02
5.658169969755035709e+02
5.649834691200823045e+02
5.641419779384343656e+02
5.632831212950952704e+02
5.624270245161359298e+02
5.615649686630353017e+02
5.607027572161543958e+02
5.598313542072340852e+02
5.589411745885141727e+02
5.580275280923793844e+02
5.571215588451445910e+02
5.562118371064741496e+02
5.553129130438790071e+02
5.544149496105529806e+02
5.535115077152786398e+02
5.526010218255132713e+02
5.516844326261984861e+02
5.507401778180137626e+02
5.497845946209972681e+02
5.488031089961812086e+02
5.478246039905754969e+02
5.468440955049632066e+02
5.458525183199315052e+02
5.448719945883036644e+02
5.438597506502918577e+02
5.428776325132051852e+02
5.419016198534478690e+02
5.409104561542727652e+02
5.398981796116349869e+02
5.388689121866888172e+02
5.378495957855767529e+02
5.368273729043243065e+02
5.358000613861794363e+02
5.347335521352978276e+02
5.336433330322428219e+02
5.325706150433956054e+02
5.314949537526340464e+02
5.304193651480924245e+02
5.293321367446843624e+02
5.282274569287983468e+02
5.271220333877464554e+02
5.260220549633636438e+02
5.249339105716165932e+02
5.237860557897723766e+02
5.226281061119774449e+02
5.214574113470119983e+02
5.201761894445262442e+02
5.189974239131390732e+02
5.176094666327920777e+02
5.164857241740406835e+02
5.153552288213543306e+02
5.142184930467082040e+02
5.130714532681453193e+02
5.119126992669082483e+02
5.107351736196681031e+02
5.095651436026257670e+02
5.083943445604061822e+02
5.072100839391938507e+02
5.060145316389080676e+02
5.048140823288975980e+02
5.036164399731442813e+02
5.024073567438069290e+02
5.011944087096725298e+02
4.999794372162166383e+02
4.987485106592881721e+02
4.975154921251876203e+02
4.962718313711100109e+02
4.950243356337849718e+02
4.937845755440117728e+02
4.925304841302384489e+02
4.912647740091515516e+02
4.904009557411809510e+02
4.899234804107664445e+02
4.888921302160078426e+02
4.877614141513087702e+02
4.865998653355316605e+02
4.854701837637983886e+02
4.844154423190426542e+02
4.833937484997720730e+02
4.822123890191621740e+02
4.810856907291844777e+02
4.798555846558038525e+02
4.785638858069190746e+02
4.773317343176547070e+02
4.760440800567828319e+02
4.748269941777859344e+02
4.736872646547607815e+02
4.724524196613124900e+02
4.711210226886815917e+02
4.697695362289011882e+02
4.684786054786691238e+02
4.673010321398750193e+02
4.660328545624710159e+02
4.647327259988879860e+02
4.634304172696587329e+02
4.620981303055802982e+02
4.607890288545410158e+02
4.594976727064257602e+02
4.581417988156316596e+02
4.568073645624079404e+02
4.554543734494271803e+02
4.540731173277590074e+02
4.527428606076156825e+02
4.514368514052474666e+02
4.500980747132284137e+02
4.487828315134586887e+02
4.473858025586063718e+02
4.459214474228745075e+02
4.445053436976978105e+02
4.430178093935576840e+02
4.415904453926814313e+02
4.401981415228794390e+02
4.386683657604460791e+02
4.370871256476744975e+02
4.357627023338067147e+02
4.344582991035433110e+02
4.331262325372248370e+02
4.318421544809448847e+02
4.305486586023429254e+02
4.292603881215811725e+02
4.279571741831439340e+02
4.266508694528412207e+02
4.253600227948172119e+02
4.240710605986319024e+02
4.227816681313014442e+02
4.215085367420141438e+02
4.202379980902007333e+02
4.189725668503523934e+02
4.176991078099948140e+02
4.164320201966226023e+02
4.151725637982005992e+02
4.138730539039686391e+02
4.125571839738361177e+02
4.112722549214414016e+02
4.100002868996814982e+02
4.087609065473565693e+02
4.075680676607807413e+02
4.064016187172875902e+02
4.054589173265176214e+02
4.045200052372538266e+02
4.038643860078862531e+02
4.028551795839805436e+02
4.012979370882769103e+02
3.993298228292431986e+02
3.979934906025401915e+02
3.972821114292183893e+02
3.965135464013558817e+02
3.951473863637639283e+02
3.936216288534329806e+02
3.925001497163974591e+02
3.916890526506126093e+02
3.907458573953917380e+02
3.893335741232392593e+02
3.881403897378498300e+02
3.872550437756598285e+02
3.880767943790456229e+02
3.853272398385514066e+02
3.853266797534432158e+02
3.844689596526216633e+02
3.821619784168321416e+02
3.831232203639105478e+02
3.811302037903392943e+02
3.807339494308477583e+02
3.801105121786267773e+02
3.786379781859666309e+02
3.787165680384468374e+02
3.770837193084929027e+02
3.763896596305282287e+02
3.760862293292513527e+02
3.745292201602441651e+02
3.740728498619147331e+02
3.731013389114380061e+02
3.722953653982877995e+02
3.717133484242021382e+02
3.707427793446819919e+02
3.702457571397382026e+02
3.693431518000074902e+02
3.685712310297515728e+02
3.680099122583154667e+02
3.672153549190715580e+02
3.665054724176193304e+02
3.657223507585746347e+02
3.650242829976240841e+02
3.644621482003444157e+02
3.636509197147821055e+02
3.630719962808587979e+02
3.623508171003537086e+02
3.617126424836798151e+02
3.611365617972793416e+02
3.604124972687405375e+02
3.598257469350767224e+02
3.591607035868496496e+02
3.585245611997866035e+02
3.578845916677324794e+02
3.572656259401256875e+02
3.567391882617301349e+02
3.560971123648380967e+02
3.556705031958115342e+02
3.550631813653889708e+02
3.545609511391800766e+02
3.539949578070047664e+02
3.535133386434548015e+02
3.530072065858178689e+02
3.524837872450603982e+02
3.520173503622329463e+02
3.515030232042160492e+02
3.509874639668516352e+02
3.504952312255559832e+02
3.499972886837028909e+02
3.495244377374677356e+02
3.490285219141534299e+02
3.485686641927504184e+02
3.481083243194853480e+02
3.476766924516617223e+02
3.472734117616020626e+02
3.468374367927747812e+02
3.464083651812695166e+02
3.459877392748744569e+02
3.455859122198481259e+02
3.451856414495466652e+02
3.448931223666422170e+02
3.444316701093507049e+02
3.442285696597835454e+02
3.437261605231668682e+02
3.436870132525092458e+02
3.431031576301620589e+02
3.432327333849440265e+02
3.425847503692839382e+02
3.427814616342278669e+02
3.422146955987810202e+02
3.424170167598551302e+02
3.418592578144361482e+02
3.417447429376617833e+02
3.410709441135080056e+02
3.405489228541322859e+02
3.401437521157145056e+02
3.398728826593687700e+02
3.395849265151596228e+02
3.395900073187758608e+02
3.391721871219564264e+02
3.388995510487499132e+02
3.383745464957581817e+02
3.380844835823222070e+02
3.379233309045367264e+02
3.377835383664541951e+02
3.376177936294053552e+02
3.373184314933961332e+02
3.369715764588492561e+02
3.366800507110643821e+02
3.364568786121095059e+02
3.362608920500282466e+02
3.360383030626793470e+02
3.358545020310205587e+02
3.354725951104936712e+02
3.352646993328979761e+02
3.349213353174591816e+02
3.347727598388573824e+02
3.346297320695215944e+02
3.344901981983639985e+02
3.343005623537076190e+02
3.341412906854116045e+02
3.339531179468776827e+02
3.338048562600729952e+02
3.336816182826028694e+02
3.335293507854729569e+02
3.334086578653125912e+02
3.332583725269212778e+02
3.331154841127158193e+02
3.329631817300964940e+02
3.328271987110178998e+02
3.327001731279434011e+02
3.325727985991524633e+02
3.324638074563389978e+02
3.323235247559872505e+02
3.322219510995381597e+02
3.320911583495590662e+02
3.319751420967502895e+02
3.318514239990805663e+02
3.317377860602042574e+02
3.316216587481101215e+02
3.315091823233029231e+02
3.314097077620406822e+02
3.312964035563909988e+02
3.311963807209731385e+02
3.310884924623618417e+02
3.309846304009791993e+02
3.308788208854930986e+02
3.307746808146761168e+02
3.306731868470772042e+02
3.305695093763999921e+02
3.304711033331522572e+02
3.303696568975199170e+02
3.302694013410648495e+02
3.301754219610896257e+02
3.300756365694076635e+02
3.299841838232210307e+02
3.298867384497490889e+02
3.297975211713882118e+02
3.297010949178613259e+02
3.296139168030474593e+02
3.295194600817799255e+02
3.294428797092301124e+02
3.293414982320634863e+02
3.292666711938884987e+02
3.291785621275693643e+02
3.290944152193638956e+02
3.290119103225441677e+02
3.289276138403385517e+02
3.288505995052429967e+02
3.287790703841769187e+02
3.286940486413933513e+02
3.286341050650977991e+02
3.285475893919601731e+02
3.285067873025906238e+02
3.284165581086434145e+02
3.284246135670475724e+02
3.296440659070377137e+02
3.284567149003848385e+02
3.302667010447860321e+02
3.287445704886504814e+02
3.314680326879307017e+02
3.291716016291727556e+02
3.318060643169544619e+02
3.287235265425603643e+02
3.298979656077635809e+02
3.276504153335780529e+02
3.275850743653016366e+02
3.295376241273708047e+02
3.279991379479287161e+02
3.301300650756088544e+02
3.275842898558493630e+02
3.283719779571586628e+02
3.277766940905279967e+02
3.272730233006857929e+02
3.292101255005084113e+02
3.272669783580058720e+02
3.286782634718019267e+02
3.268500168824374441e+02
3.268078597926898397e+02
3.285642753191526708e+02
3.268564787447105005e+02
3.285015137669726073e+02
3.265986854041864831e+02
3.269025790632431949e+02
3.278220472370939547e+02
3.264766854285135196e+02
3.281917442520908139e+02
3.263439021306183463e+02
3.275841778865533342e+02
3.268939751528681654e+02
3.261430833375268321e+02
3.277761173816604128e+02
3.260746132088249283e+02
3.275010466577268176e+02
3.259251785989494579e+02
3.266840019287320729e+02
3.271830137580956261e+02
3.257888644956085500e+02
3.273814360252234223e+02
3.256855342587683140e+02
3.269789255226992850e+02
3.267089793829806013e+02
3.262751685752769504e+02
3.269579084307243875e+02
3.257520840052100084e+02
3.269931732512667395e+02
3.260205618180032729e+02
3.266386991353179496e+02
3.265660212400454725e+02
3.262926305867211454e+02
3.266824273697004628e+02
3.259614548329033141e+02
3.266288634578525603e+02
3.261601960453227207e+02
3.263688962042458570e+02
3.262523240052371420e+02
3.261875548323681642e+02
3.263720623744612226e+02
3.260318785460285085e+02
3.263684572651946496e+02
3.259926633695870919e+02
3.262431940657899077e+02
3.259366112592342688e+02
3.260190426739863483e+02
3.260124244680361585e+02
3.258301923772241366e+02
3.260624406834537581e+02
3.257266279479474633e+02
3.260025674192962128e+02
3.256681372326775090e+02
3.258771611940197204e+02
3.256855286971464238e+02
3.257549365284762075e+02
3.257104178256539626e+02
3.256135035824109423e+02
3.256818025737146058e+02
3.254888125461409913e+02
3.256463771268992105e+02
3.254384108409918213e+02
3.255610395752833597e+02
3.253780754042373928e+02
3.254700021981394684e+02
3.253218052696130371e+02
3.253607560998595432e+02
3.252860112157054573e+02
3.252709365531014782e+02
3.252527898619016469e+02
3.251576330153278604e+02
3.251857105688702063e+02
3.250688034735760539e+02
3.251059287325930427e+02
3.250198279262016854e+02
3.250340498746488720e+02
3.249592421411358032e+02
3.249485674138110198e+02
3.248969440790527301e+02
3.248535833118069149e+02
3.248347995131957759e+02
3.247721834887576051e+02
3.247629593606546905e+02
3.247128024281086596e+02
3.246924725118998367e+02
3.246336038971492144e+02
3.246225341931887556e+02
3.245600042805783687e+02
3.245673271076904030e+02
3.244867614660146842e+02
3.244832580339817127e+02
3.244264681803788903e+02
3.244491414003828140e+02
3.243537857602582903e+02
3.244100012318974677e+02
3.242529362734837264e+02
3.243605078500314107e+02
3.241868109962021549e+02
3.243644218488908564e+02
3.240791764449123775e+02
3.243360016039574703e+02
3.239683511896399750e+02
3.243632166541153197e+02
3.238292100117409404e+02
3.244005603660037877e+02
3.236904599157886651e+02
3.245493630953258730e+02
3.234570523914364912e+02
3.246829041646199698e+02
3.229619097635330149e+02
3.248617312744394781e+02
3.220366011597708393e+02
3.249532260255053870e+02
3.221493524887893614e+02
3.253577043818021934e+02
3.224018209243970432e+02
3.258974536219848233e+02
3.225807439136899575e+02
3.258322175549477606e+02
3.221922244902960983e+02
3.247840806659800705e+02
3.228726656899235650e+02
3.234146343571332523e+02
3.243951939065977967e+02
3.217038453679998042e+02
3.247052418155316786e+02
3.216908035980345062e+02
3.243475864441976455e+02
3.227429415870890921e+02
3.234335413778823636e+02
3.239397593952216425e+02
3.221589377152934617e+02
3.241527978802307643e+02
3.216245320918276889e+02
3.239993950705320458e+02
3.227522005326345038e+02
3.232111822118683335e+02
3.236337311985304837e+02
3.224805863089224545e+02
3.238332431980135766e+02
3.221815517958943360e+02
3.236843728581862933e+02
3.226717684356198674e+02
3.230418490265694800e+02
3.232853601020543124e+02
3.224431588687719454e+02
3.235214607268516716e+02
3.223194596406954133e+02
3.234033482088171354e+02
3.224819242398840515e+02
3.229962634854737189e+02
3.228533347932742004e+02
3.225687046785487837e+02
3.231495565127753480e+02
3.222654301139891118e+02
3.231407169206632375e+02
3.223047947300570399e+02
3.229544451661271864e+02
3.225054745966877476e+02
3.226021715512391665e+02
3.227376298950853766e+02
3.223521213127231704e+02
3.228437668260648934e+02
3.221910476795741829e+02
3.228214866512357730e+02
3.221959747244218306e+02
3.226851862889724316e+02
3.222942546810620001e+02
3.224568372728060694e+02
3.224046429862200966e+02
3.222378996417533585e+02
3.225233849810937841e+02
3.221210529981295281e+02
3.225160335699658845e+02
3.220645393320853600e+02
3.224720603934249539e+02
3.220450301328627347e+02
3.223565365147854891e+02
3.220505818464542358e+02
3.222441408897306587e+02
3.221300069722769308e+02
3.220999152288334813e+02
3.221720005718907487e+02
3.220019319278429748e+02
3.221874724408992847e+02
3.219169681737300266e+02
3.221642522985062556e+02
3.218781849336875780e+02
3.221290151550335281e+02
3.218492196973022033e+02
3.220702586391300315e+02
3.218253391871559757e+02
3.220287080891171172e+02
3.217964352449146759e+02
3.219953527215845384e+02
3.217711008648656161e+02
3.219534532248858341e+02
3.217152770878962542e+02
3.219131498556390056e+02
3.216740617069160635e+02
3.219062870356671624e+02
3.216024525378820158e+02
3.218774344382462118e+02
3.215476507534551160e+02
3.218590123465137367e+02
3.214615699105272029e+02
3.218405345518202125e+02
3.213407476655742698e+02
3.218437043877924566e+02
3.212281205936392325e+02
3.218516373234484149e+02
3.210574045553883025e+02
3.218388396750641505e+02
3.207326830327658627e+02
3.218319731194802671e+02
3.204743136267594537e+02
3.219871301086195672e+02
3.198080943963791469e+02
3.222650843607979709e+02
3.190595587097737962e+02
3.226545892489104972e+02
3.192428680758729911e+02
3.230698149384937210e+02
3.193675799081664195e+02
3.230103805898573910e+02
3.191068253504715244e+02
3.221771944810047898e+02
3.202238104912043468e+02
3.213139141089781106e+02
3.213979493082009640e+02
3.199706780768610770e+02
3.219337287575900746e+02
3.187354027720503495e+02
3.219155906232119833e+02
3.195387765124987709e+02
3.213387769412989314e+02
3.208419605449785195e+02
3.207896645251047971e+02
3.212253135372645829e+02
3.199735667791100013e+02
3.214335758730956627e+02
3.199130253165866407e+02
3.212598505807460469e+02
3.204160461842480458e+02
3.209805503453722508e+02
3.209225167305578452e+02
3.204888340683469892e+02
3.209998395224005208e+02
3.201332386427041001e+02
3.210242135361752389e+02
3.202314293490379669e+02
3.208622107160601900e+02
3.205407651452204618e+02
3.206977881794501286e+02
3.207477777650418602e+02
3.203758223238062328e+02
3.207489768975157176e+02
3.202126005211576398e+02
3.207165143120802782e+02
3.202526546792516342e+02
3.206448458300702100e+02
3.204398516404826296e+02
3.205346529198943699e+02
3.205117113436855334e+02
3.204044070820321508e+02
3.205270198898139711e+02
3.202287752037761948e+02
3.204895236111719896e+02
3.202254532853764317e+02
3.204384449673856921e+02
3.202722861082169743e+02
3.203825310753338158e+02
3.202604042279302803e+02
3.202690656407315828e+02
3.203007297089571352e+02
3.201889324593380479e+02
3.202807104740806494e+02
3.201439691884943386e+02
3.202390803624891760e+02
3.201000981173046966e+02
3.201943253481692295e+02
3.200577119108611441e+02
3.201494761152312662e+02
3.200203691697664112e+02
3.200999738263275844e+02
3.200107989783475659e+02
3.200492932405857687e+02
3.200069921418788113e+02
3.199978398152692307e+02
3.199871806816376534e+02
3.199425384160383032e+02
3.199510192665450177e+02
3.198856187568177347e+02
3.199120304055658153e+02
3.198418717314836499e+02
3.198745652038151661e+02
3.197996607562521945e+02
3.198337609246086686e+02
3.197604815946256736e+02
3.197919048040955090e+02
3.197187304135439376e+02
3.197524804434000316e+02
3.196565424789567942e+02
3.197195282675970702e+02
3.195983385324216215e+02
3.196860323764078089e+02
3.195466708691616304e+02
3.196727649064779939e+02
3.195029482327945516e+02
3.196847299049904905e+02
3.194103832947409387e+02
3.197804934657225431e+02
3.191656543746343004e+02
3.198627067229521117e+02
3.188664677662700910e+02
3.200516876224676253e+02
3.181978348297916455e+02
3.205155162595525553e+02
3.170544389151047540e+02
3.210339715637904305e+02
3.173848373590856795e+02
3.214104630385962764e+02
3.175537662256447788e+02
3.212873041172916260e+02
3.170911789246189869e+02
3.202922130763655559e+02
3.189649721426515612e+02
3.191672121470498382e+02
3.197797781519849423e+02
3.175460938921805223e+02
3.204149316964031868e+02
3.167144125941171069e+02
3.200925132566109141e+02
3.186837919469273288e+02
3.191756774909890737e+02
3.193205501950924372e+02
3.186019221763298219e+02
3.197897239448194000e+02
3.180267249439672810e+02
3.196333918558850087e+02
3.186830654536371412e+02
3.191548069885711243e+02
3.190261182343102178e+02
3.188380475525949009e+02
3.193545492496083966e+02
3.185217026327013059e+02
3.193373858023611547e+02
3.187149254251444290e+02
3.190778269100297280e+02
3.188493759123812197e+02
3.188110131901569844e+02
3.190759506777901606e+02
3.186789384847443785e+02
3.190829294760262087e+02
3.186506487558835943e+02
3.189492223775135926e+02
3.187137681243650604e+02
3.187056282636332298e+02
3.188724608657387307e+02
3.186299206315030688e+02
3.189095151886845656e+02
3.185787620581703550e+02
3.188408356879120902e+02
3.185846400018999702e+02
3.186508235323087774e+02
3.186205446789418261e+02
3.185472456012720386e+02
3.187305135211767606e+02
3.184961339807354648e+02
3.187143993219831373e+02
3.184629835565129952e+02
3.186563323320029895e+02
3.184638502375005373e+02
3.185060579207172964e+02
3.185061235960826025e+02
3.184192883439514503e+02
3.185637469515717726e+02
3.183667522338973868e+02
3.185508214207170568e+02
3.183431840324042810e+02
3.184973782197276932e+02
3.183238143956003796e+02
3.184333097670381676e+02
3.183323038145061901e+02
3.183151080454787802e+02
3.183815740376904841e+02
3.182552155859355594e+02
3.183757883517788514e+02
3.182161708732760417e+02
3.183571927311961645e+02
3.181867960323403395e+02
3.183070439837089793e+02
3.182120132955378153e+02
3.182692575724514086e+02
3.182278639203477155e+02
3.181965084955211296e+02
3.182219479306948529e+02
3.181465396938727395e+02
3.182037574183613629e+02
3.181297533353432527e+02
3.181718431529644135e+02
3.181103484153478007e+02
3.181367837056974963e+02
3.181012784722172455e+02
3.181031597690088120e+02
3.180864266744554811e+02
3.180697627154838187e+02
3.180688576512422969e+02
3.180375736165074727e+02
3.180369865915831156e+02
3.180043618969830845e+02
3.180103576326471284e+02
3.179712166253572718e+02
3.179784820400593617e+02
3.179544566460500050e+02
3.179471065390207514e+02
3.179228047140210833e+02
3.179141543970881685e+02
3.178964441130586351e+02
3.178812470873149891e+02
3.178686106011016363e+02
3.178522139576544419e+02
3.178397784905842514e+02
3.178218355868334584e+02
3.178079343798372065e+02
3.177892964876575661e+02
3.177787765867708458e+02
3.177596843029430715e+02
3.177570295248926300e+02
3.177264078246436156e+02
3.177479854375395689e+02
3.176985152180467935e+02
3.177497000403561742e+02
3.176593849135384175e+02
3.177545784446076027e+02
3.175969405200368101e+02
3.177929381053538123e+02
3.174567632905683467e+02
3.179606806967891544e+02
3.173954376747652759e+02
3.181919058825665161e+02
3.172638809486437026e+02
3.184789484938247028e+02
3.164273170091486804e+02
3.189449746462011035e+02
3.154262755358977870e+02
3.202010294272196234e+02
3.164212639740708823e+02
3.211067382442462872e+02
3.164448880907086163e+02
3.198057502110493715e+02
3.165744972947660472e+02
3.173927897838280501e+02
3.185628347319309341e+02
3.152581390896508537e+02
3.195362708629471626e+02
3.149109242157737185e+02
3.180207015821359846e+02
3.177775113665020399e+02
3.164867058908120043e+02
3.187284930476698719e+02
3.158172719302119731e+02
3.181171582367795736e+02
3.173097762652648157e+02
3.170015081263566117e+02
3.182975296799989451e+02
3.166383748601078878e+02
3.179679288919086275e+02
3.171971317298327904e+02
3.170356220385189658e+02
3.180351605323942294e+02
3.168473832406302790e+02
3.178115417409663905e+02
3.171284352591545712e+02
3.171258527762993822e+02
3.177529652519521051e+02
3.168841277985806641e+02
3.177211726235211700e+02
3.170700594511553163e+02
3.170826544933929085e+02
3.176312536532759054e+02
3.168966344315979882e+02
3.176378854298747569e+02
3.170134369173155164e+02
3.171429615425903989e+02
3.174563307947656767e+02
3.169474574401615428e+02
3.175482021816673637e+02
3.169557246521383718e+02
3.172094764161316220e+02
3.172768781415592798e+02
3.169158256907982718e+02
3.174477679674566843e+02
3.168909145220325172e+02
3.172692147097793054e+02
3.170966570185981368e+02
3.169133799862154319e+02
3.173472122648083200e+02
3.168438297719798129e+02
3.172565325492275292e+02
3.169864116095972690e+02
3.169727487756421169e+02
3.172142083698611827e+02
3.168466951701182666e+02
3.172178950035824982e+02
3.168929437907497118e+02
3.170305624265694746e+02
3.170920050955031115e+02
3.168725672488926079e+02
3.171582250341278382e+02
3.168456099009099489e+02
3.170939684220306276e+02
3.169555362446979530e+02
3.169221592481272864e+02
3.170838899334808048e+02
3.168304550492534872e+02
3.170680005087641007e+02
3.168738224666953442e+02
3.169907723881843253e+02
3.169568979377940536e+02
3.168738477383741952e+02
3.170053803208872978e+02
3.168306383384213518e+02
3.169988733218064567e+02
3.168597587437039920e+02
3.169135419275027630e+02
3.169191568766048590e+02
3.168375223790076802e+02
3.169319044386865585e+02
